1e-06 0.02 : 28160.0
1e-06 0.1 : 13440.0
1e-06 0.18 : 21760.0
1e-06 0.26 : 15040.0
1e-06 0.34 : 22400.0
1e-06 0.42000000000000004 : 18560.0
1e-06 0.5 : 12800.0
1e-06 0.5800000000000001 : 12800.0
1e-06 0.66 : 14400.0
1e-06 0.74 : 14720.0
1e-06 0.8200000000000001 : 14080.0
1e-06 0.9 : 13120.0
1e-06 0.98 : 20480.0
1e-06 1.06 : 15040.0
1e-06 1.1400000000000001 : 13760.0
1e-06 1.22 : 12800.0
1e-06 1.3 : 10080.0
1e-06 1.3800000000000001 : 13760.0
1e-06 1.46 : 9280.0
1e-06 1.54 : 8480.0
1e-06 1.62 : 12800.0
1e-06 1.7 : 8320.0
1e-06 1.78 : 14080.0
1e-06 1.86 : 13760.0
1e-06 1.94 : 10080.0
2e-06 0.02 : 19840.0
2e-06 0.1 : 15040.0
2e-06 0.18 : 19840.0
2e-06 0.26 : 11840.0
2e-06 0.34 : 24320.0
2e-06 0.42000000000000004 : 19200.0
2e-06 0.5 : 22400.0
2e-06 0.5800000000000001 : 14400.0
2e-06 0.66 : 22400.0
2e-06 0.74 : 11840.0
2e-06 0.8200000000000001 : 14400.0
2e-06 0.9 : 24960.0
2e-06 0.98 : 12800.0
2e-06 1.06 : 15680.0
2e-06 1.1400000000000001 : 17920.0
2e-06 1.22 : 19200.0
2e-06 1.3 : 8480.0
2e-06 1.3800000000000001 : 9280.0
2e-06 1.46 : 6720.0
2e-06 1.54 : 13760.0
2e-06 1.62 : 14080.0
2e-06 1.7 : 14400.0
2e-06 1.78 : 8160.0
2e-06 1.86 : 9760.0
2e-06 1.94 : 9440.0
3e-06 0.02 : 19840.0
3e-06 0.1 : 24960.0
3e-06 0.18 : 23680.0
3e-06 0.26 : 28160.0
3e-06 0.34 : 19200.0
3e-06 0.42000000000000004 : 46080.0
3e-06 0.5 : 25600.0
3e-06 0.5800000000000001 : 14080.0
3e-06 0.66 : 14400.0
3e-06 0.74 : 22400.0
3e-06 0.8200000000000001 : 21120.0
3e-06 0.9 : 16320.0
3e-06 0.98 : 29440.0
3e-06 1.06 : 17600.0
3e-06 1.1400000000000001 : 13760.0
3e-06 1.22 : 13760.0
3e-06 1.3 : 26880.0
3e-06 1.3800000000000001 : 10400.0
3e-06 1.46 : 16960.0
3e-06 1.54 : 12800.0
3e-06 1.62 : 12160.0
3e-06 1.7 : 9440.0
3e-06 1.78 : 9760.0
3e-06 1.86 : 12800.0
3e-06 1.94 : 8320.0
4e-06 0.02 : 11840.0
4e-06 0.1 : 23680.0
4e-06 0.18 : 14720.0
4e-06 0.26 : 26880.0
4e-06 0.34 : 24320.0
4e-06 0.42000000000000004 : 12160.0
4e-06 0.5 : 13760.0
4e-06 0.5800000000000001 : 23040.0
4e-06 0.66 : 13760.0
4e-06 0.74 : 12480.0
4e-06 0.8200000000000001 : 16000.0
4e-06 0.9 : 12480.0
4e-06 0.98 : 13760.0
4e-06 1.06 : 9440.0
4e-06 1.1400000000000001 : 13760.0
4e-06 1.22 : 12800.0
4e-06 1.3 : 13440.0
4e-06 1.3800000000000001 : 8800.0
4e-06 1.46 : 8800.0
4e-06 1.54 : 9280.0
4e-06 1.62 : 9600.0
4e-06 1.7 : 8160.0
4e-06 1.78 : 10080.0
4e-06 1.86 : 9600.0
4e-06 1.94 : 8960.0
4.9999999999999996e-06 0.02 : 17920.0
4.9999999999999996e-06 0.1 : 22400.0
4.9999999999999996e-06 0.18 : 17280.0
4.9999999999999996e-06 0.26 : 15680.0
4.9999999999999996e-06 0.34 : 32000.0
4.9999999999999996e-06 0.42000000000000004 : 17280.0
4.9999999999999996e-06 0.5 : 23680.0
4.9999999999999996e-06 0.5800000000000001 : 19200.0
4.9999999999999996e-06 0.66 : 14720.0
4.9999999999999996e-06 0.74 : 13120.0
4.9999999999999996e-06 0.8200000000000001 : 18560.0
4.9999999999999996e-06 0.9 : 18560.0
4.9999999999999996e-06 0.98 : 12480.0
4.9999999999999996e-06 1.06 : 13120.0
4.9999999999999996e-06 1.1400000000000001 : 13760.0
4.9999999999999996e-06 1.22 : 23680.0
4.9999999999999996e-06 1.3 : 17920.0
4.9999999999999996e-06 1.3800000000000001 : 8800.0
4.9999999999999996e-06 1.46 : 20480.0
4.9999999999999996e-06 1.54 : 14400.0
4.9999999999999996e-06 1.62 : 13440.0
4.9999999999999996e-06 1.7 : 7520.0
4.9999999999999996e-06 1.78 : 9120.0
4.9999999999999996e-06 1.86 : 16320.0
4.9999999999999996e-06 1.94 : 8960.0
5.999999999999999e-06 0.02 : 24320.0
5.999999999999999e-06 0.1 : 21760.0
5.999999999999999e-06 0.18 : 22400.0
5.999999999999999e-06 0.26 : 18560.0
5.999999999999999e-06 0.34 : 20480.0
5.999999999999999e-06 0.42000000000000004 : 23040.0
5.999999999999999e-06 0.5 : 14720.0
5.999999999999999e-06 0.5800000000000001 : 17920.0
5.999999999999999e-06 0.66 : 18560.0
5.999999999999999e-06 0.74 : 15680.0
5.999999999999999e-06 0.8200000000000001 : 12800.0
5.999999999999999e-06 0.9 : 12160.0
5.999999999999999e-06 0.98 : 16000.0
5.999999999999999e-06 1.06 : 14720.0
5.999999999999999e-06 1.1400000000000001 : 12160.0
5.999999999999999e-06 1.22 : 21760.0
5.999999999999999e-06 1.3 : 9120.0
5.999999999999999e-06 1.3800000000000001 : 20480.0
5.999999999999999e-06 1.46 : 10400.0
5.999999999999999e-06 1.54 : 9280.0
5.999999999999999e-06 1.62 : 4960.0
5.999999999999999e-06 1.7 : 6880.0
5.999999999999999e-06 1.78 : 9440.0
5.999999999999999e-06 1.86 : 8480.0
5.999999999999999e-06 1.94 : 13440.0
7e-06 0.02 : 9280.0
7e-06 0.1 : 21120.0
7e-06 0.18 : 21760.0
7e-06 0.26 : 18560.0
7e-06 0.34 : 17920.0
7e-06 0.42000000000000004 : 14720.0
7e-06 0.5 : 27520.0
7e-06 0.5800000000000001 : 23680.0
7e-06 0.66 : 14400.0
7e-06 0.74 : 26240.0
7e-06 0.8200000000000001 : 19840.0
7e-06 0.9 : 13120.0
7e-06 0.98 : 21120.0
7e-06 1.06 : 19200.0
7e-06 1.1400000000000001 : 16960.0
7e-06 1.22 : 14720.0
7e-06 1.3 : 15360.0
7e-06 1.3800000000000001 : 10240.0
7e-06 1.46 : 14400.0
7e-06 1.54 : 10560.0
7e-06 1.62 : 9440.0
7e-06 1.7 : 8960.0
7e-06 1.78 : 9600.0
7e-06 1.86 : 15360.0
7e-06 1.94 : 8800.0
8e-06 0.02 : 23680.0
8e-06 0.1 : 17280.0
8e-06 0.18 : 17920.0
8e-06 0.26 : 13120.0
8e-06 0.34 : 17920.0
8e-06 0.42000000000000004 : 15360.0
8e-06 0.5 : 25600.0
8e-06 0.5800000000000001 : 11520.0
8e-06 0.66 : 26880.0
8e-06 0.74 : 12480.0
8e-06 0.8200000000000001 : 12800.0
8e-06 0.9 : 24960.0
8e-06 0.98 : 15040.0
8e-06 1.06 : 13120.0
8e-06 1.1400000000000001 : 11520.0
8e-06 1.22 : 33280.0
8e-06 1.3 : 10080.0
8e-06 1.3800000000000001 : 23680.0
8e-06 1.46 : 8160.0
8e-06 1.54 : 14720.0
8e-06 1.62 : 10240.0
8e-06 1.7 : 7520.0
8e-06 1.78 : 15360.0
8e-06 1.86 : 9440.0
8e-06 1.94 : 8160.0
9e-06 0.02 : 17280.0
9e-06 0.1 : 20480.0
9e-06 0.18 : 19200.0
9e-06 0.26 : 9120.0
9e-06 0.34 : 20480.0
9e-06 0.42000000000000004 : 21120.0
9e-06 0.5 : 19200.0
9e-06 0.5800000000000001 : 13440.0
9e-06 0.66 : 13120.0
9e-06 0.74 : 11840.0
9e-06 0.8200000000000001 : 13440.0
9e-06 0.9 : 12480.0
9e-06 0.98 : 11200.0
9e-06 1.06 : 19200.0
9e-06 1.1400000000000001 : 10400.0
9e-06 1.22 : 12800.0
9e-06 1.3 : 13760.0
9e-06 1.3800000000000001 : 8160.0
9e-06 1.46 : 15680.0
9e-06 1.54 : 12160.0
9e-06 1.62 : 9760.0
9e-06 1.7 : 18560.0
9e-06 1.78 : 11200.0
9e-06 1.86 : 16000.0
9e-06 1.94 : 9120.0
1e-05 0.02 : 12800.0
1e-05 0.1 : 24320.0
1e-05 0.18 : 16000.0
1e-05 0.26 : 21760.0
1e-05 0.34 : 12160.0
1e-05 0.42000000000000004 : 17920.0
1e-05 0.5 : 13440.0
1e-05 0.5800000000000001 : 23040.0
1e-05 0.66 : 13120.0
1e-05 0.74 : 23040.0
1e-05 0.8200000000000001 : 18560.0
1e-05 0.9 : 10880.0
1e-05 0.98 : 23680.0
1e-05 1.06 : 13120.0
1e-05 1.1400000000000001 : 13760.0
1e-05 1.22 : 24320.0
1e-05 1.3 : 7840.0
1e-05 1.3800000000000001 : 13440.0
1e-05 1.46 : 16000.0
1e-05 1.54 : 15360.0
1e-05 1.62 : 14400.0
1e-05 1.7 : 11840.0
1e-05 1.78 : 14400.0
1e-05 1.86 : 13440.0
1e-05 1.94 : 8960.0
3e-06 0.42 : 13120.0
3e-06 0.42 : 23680.0
3e-06 0.42 : 21760.0
3e-06 0.42 : 15040.0
3e-06 0.42 : 10880.0
3e-06 0.42 : 12800.0
3e-06 0.42 : 12800.0
3e-06 0.42 : 30720.0
3e-05 0.42000000000000004 : 20480.0
3e-05 0.42000000000000004 : 13760.0
3e-06 0.42000000000000004 : 38400.0
3e-06 0.42000000000000004 : 12480.0
3e-06 0.42000000000000004 : 15040.0
3e-06 0.42000000000000004 : 14080.0
3e-06 0.42000000000000004 : 14080.0
3e-06 0.42000000000000004 : 19840.0
3e-06 0.42000000000000004 : 13760.0
3e-06 0.42000000000000004 : 17280.0
3e-06 0.42000000000000004 : 19200.0
3e-06 0.42000000000000004 : 17280.0
3e-06 0.42000000000000004 : 15680.0
3e-06 0.42000000000000004 : 16640.0
3e-06 0.42000000000000004 : 13760.0
